1 2
1.006 2.00102
1.012 2.00209
1.018 2.0032
1.024 2.00436
1.03 2.00556
1.036 2.00681
1.042 2.00809
1.048 2.00943
1.054 2.01081
1.06 2.01223
1.066 2.01369
1.072 2.0152
1.078 2.01675
1.084 2.01835
1.09 2.01999
1.096 2.02167
1.102 2.02339
1.108 2.02516
1.114 2.02697
1.12 2.02882
1.126 2.03071
1.132 2.03265
1.138 2.03463
1.144 2.03665
1.15 2.03871
1.156 2.04081
1.162 2.04296
1.168 2.04515
1.174 2.04737
1.18 2.04964
1.186 2.05195
1.192 2.0543
1.198 2.05669
1.204 2.05913
1.21 2.0616
1.216 2.06411
1.222 2.06666
1.228 2.06926
1.234 2.07189
1.24 2.07456
1.246 2.07727
1.252 2.08002
1.258 2.08281
1.264 2.08564
1.27 2.08851
1.276 2.09142
1.282 2.09437
1.288 2.09735
1.294 2.10038
1.3 2.10344
1.306 2.10654
1.312 2.10968
1.318 2.11285
1.324 2.11607
1.33 2.11932
1.336 2.12261
1.342 2.12594
1.348 2.1293
1.354 2.1327
1.36 2.13614
1.366 2.13962
1.372 2.14313
1.378 2.14668
1.384 2.15026
1.39 2.15388
1.396 2.15754
1.402 2.16124
1.408 2.16497
1.414 2.16873
1.42 2.17253
1.426 2.17637
1.432 2.18024
1.438 2.18415
1.444 2.18809
1.45 2.19207
1.456 2.19608
1.462 2.20013
1.468 2.20421
1.474 2.20833
1.48 2.21248
1.486 2.21667
1.492 2.22088
1.498 2.22514
1.504 2.22942
1.51 2.23374
1.516 2.2381
1.522 2.24249
1.528 2.24691
1.534 2.25136
1.54 2.25585
1.546 2.26037
1.552 2.26492
1.558 2.2695
1.564 2.27412
1.57 2.27877
1.576 2.28345
1.582 2.28817
1.588 2.29291
1.594 2.29769
1.6 2.3025
1.606 2.30734
1.612 2.31221
1.618 2.31712
1.624 2.32205
1.63 2.32702
1.636 2.33201
1.642 2.33704
1.648 2.3421
1.654 2.34718
1.66 2.3523
1.666 2.35745
1.672 2.36263
1.678 2.36784
1.684 2.37308
1.69 2.37834
1.696 2.38364
1.702 2.38897
1.708 2.39432
1.714 2.39971
1.72 2.40512
1.726 2.41056
1.732 2.41603
1.738 2.42153
1.744 2.42706
1.75 2.43262
1.756 2.4382
1.762 2.44381
1.768 2.44945
1.774 2.45512
1.78 2.46082
1.786 2.46654
1.792 2.47229
1.798 2.47807
1.804 2.48387
1.81 2.4897
1.816 2.49556
1.822 2.50145
1.828 2.50736
1.834 2.5133
1.84 2.51926
1.846 2.52525
1.852 2.53127
1.858 2.53731
1.864 2.54338
1.87 2.54947
1.876 2.55559
1.882 2.56173
1.888 2.5679
1.894 2.57409
1.9 2.58031
1.906 2.58656
1.912 2.59282
1.918 2.59912
1.924 2.60543
1.93 2.61178
1.936 2.61814
1.942 2.62453
1.948 2.63094
1.954 2.63738
1.96 2.64384
1.966 2.65032
1.972 2.65683
1.978 2.66336
1.984 2.66991
1.99 2.67649
1.996 2.68309
2.002 2.68971
2.008 2.69635
2.014 2.70302
2.02 2.70971
2.026 2.71642
2.032 2.72315
2.038 2.7299
2.044 2.73668
2.05 2.74348
2.056 2.7503
2.062 2.75713
2.068 2.764
2.074 2.77088
2.08 2.77778
2.086 2.7847
2.092 2.79165
2.098 2.79861
2.104 2.8056
2.11 2.8126
2.116 2.81963
2.122 2.82667
2.128 2.83373
2.134 2.84082
2.14 2.84792
2.146 2.85505
2.152 2.86219
2.158 2.86935
2.164 2.87653
2.17 2.88373
2.176 2.89095
2.182 2.89818
2.188 2.90544
2.194 2.91271
2.2 2.92
2.206 2.92731
2.212 2.93464
2.218 2.94198
2.224 2.94934
2.23 2.95672
2.236 2.96412
2.242 2.97153
2.248 2.97896
2.254 2.98641
2.26 2.99388
2.266 3.00136
2.272 3.00886
2.278 3.01637
2.284 3.0239
2.29 3.03145
2.296 3.03901
2.302 3.04659
2.308 3.05418
2.314 3.06179
2.32 3.06942
2.326 3.07706
2.332 3.08472
2.338 3.09239
2.344 3.10007
2.35 3.10777
2.356 3.11549
2.362 3.12322
2.368 3.13096
2.374 3.13872
2.38 3.14649
2.386 3.15428
2.392 3.16208
2.398 3.16989
2.404 3.17772
2.41 3.18556
2.416 3.19341
2.422 3.20128
2.428 3.20916
2.434 3.21705
2.44 3.22496
2.446 3.23288
2.452 3.24081
2.458 3.24875
2.464 3.25671
2.47 3.26467
2.476 3.27265
2.482 3.28064
2.488 3.28865
2.494 3.29666
2.5 3.30469
2.506 3.31272
2.512 3.32077
2.518 3.32883
2.524 3.3369
2.53 3.34498
2.536 3.35307
2.542 3.36117
2.548 3.36929
2.554 3.37741
2.56 3.38554
2.566 3.39368
2.572 3.40183
2.578 3.40999
2.584 3.41817
2.59 3.42635
2.596 3.43454
2.602 3.44273
2.608 3.45094
2.614 3.45916
2.62 3.46738
2.626 3.47562
2.632 3.48386
2.638 3.49211
2.644 3.50037
2.65 3.50863
2.656 3.51691
2.662 3.52519
2.668 3.53348
2.674 3.54178
2.68 3.55008
2.686 3.55839
2.692 3.56671
2.698 3.57504
2.704 3.58337
2.71 3.59171
2.716 3.60005
2.722 3.6084
2.728 3.61676
2.734 3.62513
2.74 3.6335
2.746 3.64187
2.752 3.65026
2.758 3.65864
2.764 3.66704
2.77 3.67543
2.776 3.68384
2.782 3.69225
2.788 3.70066
2.794 3.70908
2.8 3.7175
2.806 3.72593
2.812 3.73436
2.818 3.74279
2.824 3.75123
2.83 3.75968
2.836 3.76813
2.842 3.77658
2.848 3.78503
2.854 3.79349
2.86 3.80195
2.866 3.81042
2.872 3.81889
2.878 3.82736
2.884 3.83583
2.89 3.84431
2.896 3.85278
2.902 3.86126
2.908 3.86975
2.914 3.87823
2.92 3.88672
2.926 3.89521
2.932 3.9037
2.938 3.91219
2.944 3.92068
2.95 3.92918
2.956 3.93768
2.962 3.94617
2.968 3.95467
2.974 3.96317
2.98 3.97167
2.986 3.98017
2.992 3.98867
2.998 3.99717
3.004 4.00567
3.01 4.01417
3.016 4.02267
3.022 4.03117
3.028 4.03966
3.034 4.04816
3.04 4.05666
3.046 4.06516
3.052 4.07365
3.058 4.08215
3.064 4.09064
3.07 4.09913
3.076 4.10762
3.082 4.11611
3.088 4.1246
3.094 4.13308
3.1 4.14156
3.106 4.15004
3.112 4.15852
3.118 4.167
3.124 4.17547
3.13 4.18394
3.136 4.1924
3.142 4.20087
3.148 4.20933
3.154 4.21779
3.16 4.22624
3.166 4.23469
3.172 4.24314
3.178 4.25158
3.184 4.26002
3.19 4.26845
3.196 4.27688
3.202 4.28531
3.208 4.29373
3.214 4.30215
3.22 4.31056
3.226 4.31896
3.232 4.32737
3.238 4.33576
3.244 4.34415
3.25 4.35254
3.256 4.36092
3.262 4.36929
3.268 4.37766
3.274 4.38602
3.28 4.39438
3.286 4.40273
3.292 4.41107
3.298 4.41941
3.304 4.42774
3.31 4.43606
3.316 4.44438
3.322 4.45269
3.328 4.46099
3.334 4.46929
3.34 4.47757
3.346 4.48585
3.352 4.49412
3.358 4.50239
3.364 4.51064
3.37 4.51889
3.376 4.52713
3.382 4.53536
3.388 4.54358
3.394 4.5518
3.4 4.56
3.406 4.5682
3.412 4.57638
3.418 4.58456
3.424 4.59273
3.43 4.60088
3.436 4.60903
3.442 4.61717
3.448 4.6253
3.454 4.63342
3.46 4.64153
3.466 4.64963
3.472 4.65771
3.478 4.66579
3.484 4.67386
3.49 4.68191
3.496 4.68996
3.502 4.69799
3.508 4.70601
3.514 4.71402
3.52 4.72202
3.526 4.73001
3.532 4.73798
3.538 4.74595
3.544 4.7539
3.55 4.76184
3.556 4.76976
3.562 4.77768
3.568 4.78558
3.574 4.79347
3.58 4.80134
3.586 4.80921
3.592 4.81705
3.598 4.82489
3.604 4.83271
3.61 4.84052
3.616 4.84832
3.622 4.8561
3.628 4.86387
3.634 4.87162
3.64 4.87936
3.646 4.88708
3.652 4.8948
3.658 4.90249
3.664 4.91017
3.67 4.91784
3.676 4.92549
3.682 4.93312
3.688 4.94074
3.694 4.94835
3.7 4.95594
3.706 4.96351
3.712 4.97107
3.718 4.97861
3.724 4.98614
3.73 4.99364
3.736 5.00114
3.742 5.00861
3.748 5.01607
3.754 5.02351
3.76 5.03094
3.766 5.03835
3.772 5.04574
3.778 5.05311
3.784 5.06047
3.79 5.06781
3.796 5.07513
3.802 5.08243
3.808 5.08972
3.814 5.09698
3.82 5.10423
3.826 5.11146
3.832 5.11867
3.838 5.12587
3.844 5.13304
3.85 5.1402
3.856 5.14733
3.862 5.15445
3.868 5.16154
3.874 5.16862
3.88 5.17568
3.886 5.18272
3.892 5.18974
3.898 5.19673
3.904 5.20371
3.91 5.21067
3.916 5.21761
3.922 5.22452
3.928 5.23142
3.934 5.23829
3.94 5.24515
3.946 5.25198
3.952 5.25879
3.958 5.26558
3.964 5.27235
3.97 5.2791
3.976 5.28582
3.982 5.29252
3.988 5.29921
3.994 5.30586
4 5.3125
4.006 5.31911
4.012 5.3257
4.018 5.33227
4.024 5.33882
4.03 5.34534
4.036 5.35184
4.042 5.35832
4.048 5.36477
4.054 5.3712
4.06 5.3776
4.066 5.38398
4.072 5.39034
4.078 5.39667
4.084 5.40298
4.09 5.40927
4.096 5.41553
4.102 5.42176
4.108 5.42797
4.114 5.43416
4.12 5.44032
4.126 5.44646
4.132 5.45257
4.138 5.45865
4.144 5.46471
4.15 5.47074
4.156 5.47675
4.162 5.48273
4.168 5.48869
4.174 5.49461
4.18 5.50052
4.186 5.50639
4.192 5.51224
4.198 5.51807
4.204 5.52386
4.21 5.52963
4.216 5.53537
4.222 5.54108
4.228 5.54677
4.234 5.55243
4.24 5.55806
4.246 5.56366
4.252 5.56924
4.258 5.57478
4.264 5.5803
4.27 5.58579
4.276 5.59125
4.282 5.59669
4.288 5.60209
4.294 5.60747
4.3 5.61281
4.306 5.61813
4.312 5.62342
4.318 5.62867
4.324 5.6339
4.33 5.6391
4.336 5.64427
4.342 5.64941
4.348 5.65451
4.354 5.65959
4.36 5.66464
4.366 5.66966
4.372 5.67464
4.378 5.6796
4.384 5.68452
4.39 5.68941
4.396 5.69428
4.402 5.69911
4.408 5.70391
4.414 5.70867
4.42 5.71341
4.426 5.71811
4.432 5.72278
4.438 5.72742
4.444 5.73203
4.45 5.7366
4.456 5.74114
4.462 5.74565
4.468 5.75013
4.474 5.75457
4.48 5.75898
4.486 5.76336
4.492 5.7677
4.498 5.77201
4.504 5.77628
4.51 5.78053
4.516 5.78473
4.522 5.78891
4.528 5.79305
4.534 5.79715
4.54 5.80122
4.546 5.80526
4.552 5.80926
4.558 5.81323
4.564 5.81716
4.57 5.82105
4.576 5.82491
4.582 5.82874
4.588 5.83253
4.594 5.83628
4.6 5.84
4.606 5.84368
4.612 5.84733
4.618 5.85094
4.624 5.85451
4.63 5.85805
4.636 5.86155
4.642 5.86501
4.648 5.86844
4.654 5.87183
4.66 5.87518
4.666 5.87849
4.672 5.88177
4.678 5.88501
4.684 5.88821
4.69 5.89137
4.696 5.8945
4.702 5.89759
4.708 5.90064
4.714 5.90365
4.72 5.90662
4.726 5.90955
4.732 5.91245
4.738 5.9153
4.744 5.91812
4.75 5.9209
4.756 5.92364
4.762 5.92634
4.768 5.92899
4.774 5.93161
4.78 5.93419
4.786 5.93673
4.792 5.93923
4.798 5.94169
4.804 5.94411
4.81 5.94649
4.816 5.94882
4.822 5.95112
4.828 5.95337
4.834 5.95559
4.84 5.95776
4.846 5.95989
4.852 5.96198
4.858 5.96403
4.864 5.96604
4.87 5.968
4.876 5.96992
4.882 5.9718
4.888 5.97364
4.894 5.97543
4.9 5.97719
4.906 5.9789
4.912 5.98056
4.918 5.98219
4.924 5.98377
4.93 5.98531
4.936 5.9868
4.942 5.98825
4.948 5.98966
4.954 5.99102
4.96 5.99234
4.966 5.99361
4.972 5.99485
4.978 5.99603
4.984 5.99717
4.99 5.99827
4.996 5.99932
5.002 6.00033
5.008 6.00129
5.014 6.00221
5.02 6.00308
5.026 6.00391
5.032 6.00469
5.038 6.00543
5.044 6.00611
5.05 6.00676
5.056 6.00736
5.062 6.00791
5.068 6.00841
5.074 6.00887
5.08 6.00928
5.086 6.00964
5.092 6.00996
5.098 6.01023
5.104 6.01046
5.11 6.01063
5.116 6.01076
5.122 6.01084
5.128 6.01087
5.134 6.01086
5.14 6.0108
5.146 6.01069
5.152 6.01053
5.158 6.01032
5.164 6.01006
5.17 6.00976
5.176 6.00941
5.182 6.009
5.188 6.00855
5.194 6.00805
5.2 6.0075
5.206 6.0069
5.212 6.00625
5.218 6.00555
5.224 6.0048
5.23 6.004
5.236 6.00315
5.242 6.00225
5.248 6.0013
5.254 6.0003
5.26 5.99925
5.266 5.99815
5.272 5.997
5.278 5.99579
5.284 5.99454
5.29 5.99323
5.296 5.99187
5.302 5.99046
5.308 5.989
5.314 5.98749
5.32 5.98592
5.326 5.9843
5.332 5.98263
5.338 5.98091
5.344 5.97913
5.35 5.9773
5.356 5.97542
5.362 5.97349
5.368 5.9715
5.374 5.96946
5.38 5.96737
5.386 5.96522
5.392 5.96302
5.398 5.96076
5.404 5.95845
5.41 5.95609
5.416 5.95367
5.422 5.9512
5.428 5.94868
5.434 5.9461
5.44 5.94346
5.446 5.94077
5.452 5.93802
5.458 5.93522
5.464 5.93237
5.47 5.92946
5.476 5.92649
5.482 5.92347
5.488 5.92039
5.494 5.91725
5.5 5.91406
5.506 5.91082
5.512 5.90751
5.518 5.90415
5.524 5.90074
5.53 5.89726
5.536 5.89373
5.542 5.89015
5.548 5.8865
5.554 5.8828
5.56 5.87904
5.566 5.87522
5.572 5.87135
5.578 5.86742
5.584 5.86343
5.59 5.85938
5.596 5.85527
5.602 5.85111
5.608 5.84688
5.614 5.8426
5.62 5.83826
5.626 5.83386
5.632 5.8294
5.638 5.82488
5.644 5.8203
5.65 5.81566
5.656 5.81097
5.662 5.80621
5.668 5.80139
5.674 5.79652
5.68 5.79158
5.686 5.78658
5.692 5.78153
5.698 5.77641
5.704 5.77123
5.71 5.76599
5.716 5.76069
5.722 5.75533
5.728 5.7499
5.734 5.74442
5.74 5.73887
5.746 5.73326
5.752 5.7276
5.758 5.72186
5.764 5.71607
5.77 5.71022
5.776 5.7043
5.782 5.69832
5.788 5.69227
5.794 5.68617
5.8 5.68
5.806 5.67377
5.812 5.66747
5.818 5.66112
5.824 5.65469
5.83 5.64821
5.836 5.64166
5.842 5.63505
5.848 5.62837
5.854 5.62163
5.86 5.61483
5.866 5.60796
5.872 5.60103
5.878 5.59403
5.884 5.58696
5.89 5.57984
5.896 5.57264
5.902 5.56539
5.908 5.55806
5.914 5.55067
5.92 5.54322
5.926 5.5357
5.932 5.52811
5.938 5.52046
5.944 5.51274
5.95 5.50496
5.956 5.49711
5.962 5.48919
5.968 5.48121
5.974 5.47316
5.98 5.46504
5.986 5.45686
5.992 5.44861
5.998 5.44029
6.004 5.4319
6.01 5.42345
6.016 5.41493
6.022 5.40634
6.028 5.39768
6.034 5.38895
6.04 5.38016
6.046 5.3713
6.052 5.36237
6.058 5.35337
6.064 5.3443
6.07 5.33516
6.076 5.32596
6.082 5.31668
6.088 5.30734
6.094 5.29792
6.1 5.28844
6.106 5.27888
6.112 5.26926
6.118 5.25957
6.124 5.2498
6.13 5.23997
6.136 5.23006
6.142 5.22009
6.148 5.21004
6.154 5.19993
6.16 5.18974
6.166 5.17948
6.172 5.16915
6.178 5.15875
6.184 5.14828
6.19 5.13773
6.196 5.12712
6.202 5.11643
6.208 5.10567
6.214 5.09484
6.22 5.08393
6.226 5.07296
6.232 5.06191
6.238 5.05078
6.244 5.03959
6.25 5.02832
6.256 5.01698
6.262 5.00556
6.268 4.99408
6.274 4.98252
6.28 4.97088
6.286 4.95917
6.292 4.94739
6.298 4.93553
6.304 4.9236
6.31 4.91159
6.316 4.89951
6.322 4.88736
6.328 4.87513
6.334 4.86283
6.34 4.85045
6.346 4.83799
6.352 4.82546
6.358 4.81286
6.364 4.80018
6.37 4.78742
6.376 4.77459
6.382 4.76168
6.388 4.7487
6.394 4.73564
6.4 4.7225
6.406 4.70929
6.412 4.696
6.418 4.68263
6.424 4.66919
6.43 4.65567
6.436 4.64207
6.442 4.62839
6.448 4.61464
6.454 4.60081
6.46 4.5869
6.466 4.57292
6.472 4.55885
6.478 4.54471
6.484 4.53049
6.49 4.51619
6.496 4.50182
6.502 4.48736
6.508 4.47283
6.514 4.45821
6.52 4.44352
6.526 4.42875
6.532 4.4139
6.538 4.39897
6.544 4.38396
6.55 4.36887
6.556 4.3537
6.562 4.33845
6.568 4.32312
6.574 4.30771
6.58 4.29222
6.586 4.27665
6.592 4.26099
6.598 4.24526
6.604 4.22945
6.61 4.21355
6.616 4.19758
6.622 4.18152
6.628 4.16538
6.634 4.14916
6.64 4.13286
6.646 4.11648
6.652 4.10001
6.658 4.08346
6.664 4.06683
6.67 4.05012
6.676 4.03332
6.682 4.01644
6.688 3.99948
6.694 3.98244
6.7 3.96531
6.706 3.9481
6.712 3.93081
6.718 3.91343
6.724 3.89597
6.73 3.87843
6.736 3.8608
6.742 3.84308
6.748 3.82529
6.754 3.80741
6.76 3.78944
6.766 3.77139
6.772 3.75325
6.778 3.73503
6.784 3.71673
6.79 3.69834
6.796 3.67986
6.802 3.6613
6.808 3.64266
6.814 3.62393
6.82 3.60511
6.826 3.5862
6.832 3.56721
6.838 3.54814
6.844 3.52898
6.85 3.50973
6.856 3.49039
6.862 3.47097
6.868 3.45146
6.874 3.43186
6.88 3.41218
6.886 3.39241
6.892 3.37255
6.898 3.35261
6.904 3.33257
6.91 3.31245
6.916 3.29224
6.922 3.27194
6.928 3.25156
6.934 3.23108
6.94 3.21052
6.946 3.18987
6.952 3.16913
6.958 3.1483
6.964 3.12738
6.97 3.10638
6.976 3.08528
6.982 3.0641
6.988 3.04282
6.994 3.02146
