0.2 2
0.2043 2.40039
0.2086 2.79463
0.2129 3.18276
0.2172 3.56484
0.2215 3.94091
0.2258 4.31103
0.2301 4.67524
0.2344 5.0336
0.2387 5.38616
0.243 5.73296
0.2473 6.07405
0.2516 6.40948
0.2559 6.73931
0.2602 7.06357
0.2645 7.38232
0.2688 7.69561
0.2731 8.00348
0.2774 8.30597
0.2817 8.60315
0.286 8.89504
0.2903 9.18171
0.2946 9.4632
0.2989 9.73954
0.3032 10.0108
0.3075 10.277
0.3118 10.5382
0.3161 10.7945
0.3204 11.0458
0.3247 11.2923
0.329 11.534
0.3333 11.7709
0.3376 12.003
0.3419 12.2305
0.3462 12.4533
0.3505 12.6715
0.3548 12.8852
0.3591 13.0943
0.3634 13.299
0.3677 13.4993
0.372 13.6952
0.3763 13.8867
0.3806 14.0739
0.3849 14.2569
0.3892 14.4356
0.3935 14.6102
0.3978 14.7806
0.4021 14.9469
0.4064 15.1092
0.4107 15.2675
0.415 15.4218
0.4193 15.5721
0.4236 15.7186
0.4279 15.8612
0.4322 16
0.4365 16.135
0.4408 16.2663
0.4451 16.3939
0.4494 16.5178
0.4537 16.6381
0.458 16.7548
0.4623 16.868
0.4666 16.9777
0.4709 17.0839
0.4752 17.1866
0.4795 17.286
0.4838 17.382
0.4881 17.4747
0.4924 17.5641
0.4967 17.6503
0.501 17.7332
0.5053 17.813
0.5096 17.8896
0.5139 17.9631
0.5182 18.0335
0.5225 18.1009
0.5268 18.1653
0.5311 18.2268
0.5354 18.2853
0.5397 18.3409
0.544 18.3936
0.5483 18.4435
0.5526 18.4906
0.5569 18.535
0.5612 18.5766
0.5655 18.6155
0.5698 18.6518
0.5741 18.6854
0.5784 18.7165
0.5827 18.7449
0.587 18.7709
0.5913 18.7943
0.5956 18.8152
0.5999 18.8338
0.6042 18.8499
0.6085 18.8636
0.6128 18.875
0.6171 18.884
0.6214 18.8908
0.6257 18.8954
0.63 18.8977
0.6343 18.8978
0.6386 18.8957
0.6429 18.8915
0.6472 18.8852
0.6515 18.8768
0.6558 18.8664
0.6601 18.854
0.6644 18.8395
0.6687 18.8231
0.673 18.8048
0.6773 18.7846
0.6816 18.7625
0.6859 18.7385
0.6902 18.7127
0.6945 18.6851
0.6988 18.6558
0.7031 18.6247
0.7074 18.5919
0.7117 18.5574
0.716 18.5212
0.7203 18.4834
0.7246 18.444
0.7289 18.4031
0.7332 18.3605
0.7375 18.3165
0.7418 18.2709
0.7461 18.2238
0.7504 18.1753
0.7547 18.1254
0.759 18.074
0.7633 18.0213
0.7676 17.9672
0.7719 17.9117
0.7762 17.855
0.7805 17.797
0.7848 17.7377
0.7891 17.6772
0.7934 17.6154
0.7977 17.5525
0.802 17.4884
0.8063 17.4231
0.8106 17.3568
0.8149 17.2893
0.8192 17.2207
0.8235 17.1511
0.8278 17.0805
0.8321 17.0088
0.8364 16.9362
0.8407 16.8625
0.845 16.7879
0.8493 16.7124
0.8536 16.636
0.8579 16.5587
0.8622 16.4806
0.8665 16.4016
0.8708 16.3217
0.8751 16.2411
0.8794 16.1596
0.8837 16.0774
0.888 15.9945
0.8923 15.9108
0.8966 15.8265
0.9009 15.7414
0.9052 15.6557
0.9095 15.5693
0.9138 15.4823
0.9181 15.3946
0.9224 15.3064
0.9267 15.2176
0.931 15.1282
0.9353 15.0383
0.9396 14.9479
0.9439 14.857
0.9482 14.7656
0.9525 14.6737
0.9568 14.5813
0.9611 14.4886
0.9654 14.3954
0.9697 14.3018
0.974 14.2078
0.9783 14.1134
0.9826 14.0187
0.9869 13.9237
0.9912 13.8283
0.9955 13.7326
0.9998 13.6366
1.0041 13.5404
1.0084 13.4439
1.0127 13.3471
1.017 13.2502
1.0213 13.153
1.0256 13.0556
1.0299 12.958
1.0342 12.8602
1.0385 12.7623
1.0428 12.6643
1.0471 12.5661
1.0514 12.4678
1.0557 12.3694
1.06 12.2709
1.0643 12.1724
1.0686 12.0737
1.0729 11.9751
1.0772 11.8764
1.0815 11.7777
1.0858 11.6789
1.0901 11.5802
1.0944 11.4815
1.0987 11.3828
1.103 11.2842
1.1073 11.1856
1.1116 11.0871
1.1159 10.9886
1.1202 10.8903
1.1245 10.792
1.1288 10.6939
1.1331 10.5959
1.1374 10.498
1.1417 10.4002
1.146 10.3026
1.1503 10.2052
1.1546 10.108
1.1589 10.0109
1.1632 9.91406
1.1675 9.81741
1.1718 9.72098
1.1761 9.62478
1.1804 9.52881
1.1847 9.4331
1.189 9.33764
1.1933 9.24245
1.1976 9.14753
1.2019 9.0529
1.2062 8.95857
1.2105 8.86453
1.2148 8.77082
1.2191 8.67742
1.2234 8.58435
1.2277 8.49162
1.232 8.39924
1.2363 8.30721
1.2406 8.21554
1.2449 8.12425
1.2492 8.03333
1.2535 7.94281
1.2578 7.85267
1.2621 7.76294
1.2664 7.67362
1.2707 7.58471
1.275 7.49623
1.2793 7.40817
1.2836 7.32056
1.2879 7.23339
1.2922 7.14667
1.2965 7.06041
1.3008 6.97461
1.3051 6.88929
1.3094 6.80444
1.3137 6.72007
1.318 6.6362
1.3223 6.55282
1.3266 6.46994
1.3309 6.38756
1.3352 6.3057
1.3395 6.22436
1.3438 6.14354
1.3481 6.06325
1.3524 5.98349
1.3567 5.90427
1.361 5.82559
1.3653 5.74746
1.3696 5.66989
1.3739 5.59287
1.3782 5.51642
1.3825 5.44053
1.3868 5.36521
1.3911 5.29047
1.3954 5.21631
1.3997 5.14273
1.404 5.06973
1.4083 4.99733
1.4126 4.92553
1.4169 4.85432
1.4212 4.78371
1.4255 4.71371
1.4298 4.64432
1.4341 4.57554
1.4384 4.50738
1.4427 4.43983
1.447 4.37291
1.4513 4.3066
1.4556 4.24093
1.4599 4.17588
1.4642 4.11147
1.4685 4.04769
1.4728 3.98454
1.4771 3.92204
1.4814 3.86017
1.4857 3.79895
1.49 3.73837
1.4943 3.67844
1.4986 3.61916
1.5029 3.56053
1.5072 3.50255
1.5115 3.44522
1.5158 3.38855
1.5201 3.33254
1.5244 3.27718
1.5287 3.22248
1.533 3.16844
1.5373 3.11507
1.5416 3.06235
1.5459 3.01029
1.5502 2.9589
1.5545 2.90818
1.5588 2.85811
1.5631 2.80872
1.5674 2.75999
1.5717 2.71192
1.576 2.66452
1.5803 2.61778
1.5846 2.57172
1.5889 2.52631
1.5932 2.48158
1.5975 2.43751
1.6018 2.3941
1.6061 2.35137
1.6104 2.30929
1.6147 2.26788
1.619 2.22714
1.6233 2.18706
1.6276 2.14764
1.6319 2.10888
1.6362 2.07078
1.6405 2.03335
1.6448 1.99657
1.6491 1.96045
1.6534 1.92499
1.6577 1.89018
1.662 1.85603
1.6663 1.82253
1.6706 1.78968
1.6749 1.75749
1.6792 1.72594
1.6835 1.69504
1.6878 1.66478
1.6921 1.63517
1.6964 1.60619
1.7007 1.57786
1.705 1.55016
1.7093 1.52311
1.7136 1.49668
1.7179 1.47088
1.7222 1.44572
1.7265 1.42118
1.7308 1.39726
1.7351 1.37397
1.7394 1.3513
1.7437 1.32924
1.748 1.30779
1.7523 1.28696
1.7566 1.26674
1.7609 1.24712
1.7652 1.22811
1.7695 1.20969
1.7738 1.19187
1.7781 1.17465
1.7824 1.15802
1.7867 1.14197
1.791 1.12651
1.7953 1.11163
1.7996 1.09733
1.8039 1.0836
1.8082 1.07044
1.8125 1.05785
1.8168 1.04582
1.8211 1.03436
1.8254 1.02345
1.8297 1.01309
1.834 1.00329
1.8383 0.994023
1.8426 0.985302
1.8469 0.977118
1.8512 0.969467
1.8555 0.962346
1.8598 0.95575
1.8641 0.949675
1.8684 0.944117
1.8727 0.939072
1.877 0.934534
1.8813 0.930502
1.8856 0.926968
1.8899 0.92393
1.8942 0.921383
1.8985 0.919322
1.9028 0.917743
1.9071 0.916641
1.9114 0.916011
1.9157 0.915849
1.92 0.91615
1.9243 0.91691
1.9286 0.918123
1.9329 0.919784
1.9372 0.921889
1.9415 0.924433
1.9458 0.927411
1.9501 0.930818
1.9544 0.934648
1.9587 0.938897
1.963 0.94356
1.9673 0.94863
1.9716 0.954104
1.9759 0.959976
1.9802 0.966241
1.9845 0.972892
1.9888 0.979926
1.9931 0.987336
1.9974 0.995117
2.0017 1.00326
2.006 1.01177
2.0103 1.02063
2.0146 1.02984
2.0189 1.0394
2.0232 1.04929
2.0275 1.05952
2.0318 1.07007
2.0361 1.08094
2.0404 1.09213
2.0447 1.10362
2.049 1.11543
2.0533 1.12752
2.0576 1.13991
2.0619 1.15259
2.0662 1.16555
2.0705 1.17878
2.0748 1.19228
2.0791 1.20604
2.0834 1.22006
2.0877 1.23433
2.092 1.24884
2.0963 1.26359
2.1006 1.27858
2.1049 1.29379
2.1092 1.30922
2.1135 1.32486
2.1178 1.34071
2.1221 1.35676
2.1264 1.37301
2.1307 1.38945
2.135 1.40607
2.1393 1.42286
2.1436 1.43983
2.1479 1.45696
2.1522 1.47425
2.1565 1.49169
2.1608 1.50927
2.1651 1.52699
2.1694 1.54485
2.1737 1.56283
2.178 1.58093
2.1823 1.59914
2.1866 1.61746
2.1909 1.63588
2.1952 1.6544
2.1995 1.673
2.2038 1.69168
2.2081 1.71044
2.2124 1.72926
2.2167 1.74815
2.221 1.76709
2.2253 1.78608
2.2296 1.80511
2.2339 1.82417
2.2382 1.84327
2.2425 1.86238
2.2468 1.88151
2.2511 1.90065
2.2554 1.9198
2.2597 1.93894
2.264 1.95807
2.2683 1.97718
2.2726 1.99627
2.2769 2.01532
2.2812 2.03434
2.2855 2.05332
2.2898 2.07225
2.2941 2.09112
2.2984 2.10993
2.3027 2.12866
2.307 2.14732
2.3113 2.1659
2.3156 2.18439
2.3199 2.20278
2.3242 2.22107
2.3285 2.23926
2.3328 2.25732
2.3371 2.27526
2.3414 2.29308
2.3457 2.31076
2.35 2.32829
2.3543 2.34568
2.3586 2.36292
2.3629 2.37999
2.3672 2.39689
2.3715 2.41362
2.3758 2.43017
2.3801 2.44653
2.3844 2.4627
2.3887 2.47867
2.393 2.49443
2.3973 2.50997
2.4016 2.5253
2.4059 2.5404
2.4102 2.55527
2.4145 2.5699
2.4188 2.58429
2.4231 2.59842
2.4274 2.6123
2.4317 2.62591
2.436 2.63925
2.4403 2.65232
2.4446 2.6651
2.4489 2.67759
2.4532 2.68979
2.4575 2.70169
2.4618 2.71327
2.4661 2.72455
2.4704 2.7355
2.4747 2.74613
2.479 2.75642
2.4833 2.76638
2.4876 2.77599
2.4919 2.78525
2.4962 2.79416
2.5005 2.8027
2.5048 2.81087
2.5091 2.81867
2.5134 2.82609
2.5177 2.83312
2.522 2.83976
2.5263 2.846
2.5306 2.85183
2.5349 2.85726
2.5392 2.86227
2.5435 2.86686
2.5478 2.87102
2.5521 2.87475
2.5564 2.87805
2.5607 2.88089
2.565 2.88329
2.5693 2.88524
2.5736 2.88672
2.5779 2.88774
2.5822 2.88828
2.5865 2.88835
2.5908 2.88793
2.5951 2.88703
2.5994 2.88564
2.6037 2.88374
2.608 2.88134
2.6123 2.87844
2.6166 2.87502
2.6209 2.87108
2.6252 2.86661
2.6295 2.86162
2.6338 2.85609
2.6381 2.85002
2.6424 2.84341
2.6467 2.83625
2.651 2.82854
2.6553 2.82026
2.6596 2.81143
2.6639 2.80202
2.6682 2.79204
2.6725 2.78148
2.6768 2.77034
2.6811 2.75862
2.6854 2.7463
2.6897 2.73338
2.694 2.71987
2.6983 2.70575
2.7026 2.69102
2.7069 2.67568
2.7112 2.65972
2.7155 2.64314
2.7198 2.62593
2.7241 2.60809
2.7284 2.58962
2.7327 2.57051
2.737 2.55075
2.7413 2.53035
2.7456 2.5093
2.7499 2.4876
2.7542 2.46524
2.7585 2.44222
2.7628 2.41853
2.7671 2.39418
2.7714 2.36915
2.7757 2.34345
2.78 2.31707
2.7843 2.29
2.7886 2.26225
2.7929 2.23381
2.7972 2.20468
2.8015 2.17486
2.8058 2.14434
2.8101 2.11311
2.8144 2.08118
2.8187 2.04855
2.823 2.0152
2.8273 1.98114
2.8316 1.94637
2.8359 1.91088
2.8402 1.87466
2.8445 1.83773
2.8488 1.80007
2.8531 1.76168
2.8574 1.72256
2.8617 1.6827
2.866 1.64212
2.8703 1.60079
2.8746 1.55873
2.8789 1.51592
2.8832 1.47237
2.8875 1.42808
2.8918 1.38304
2.8961 1.33725
2.9004 1.29071
2.9047 1.24342
2.909 1.19538
2.9133 1.14658
2.9176 1.09703
2.9219 1.04671
2.9262 0.995643
2.9305 0.943812
2.9348 0.89122
2.9391 0.837867
2.9434 0.78375
2.9477 0.728869
2.952 0.673224
2.9563 0.616813
2.9606 0.559637
2.9649 0.501693
2.9692 0.442983
2.9735 0.383505
2.9778 0.323259
2.9821 0.262245
2.9864 0.200463
2.9907 0.137912
2.995 0.0745931
2.9993 0.0105056
3.0036 -0.0543502
3.0079 -0.119974
3.0122 -0.186366
3.0165 -0.253524
3.0208 -0.32145
3.0251 -0.390142
3.0294 -0.4596
3.0337 -0.529823
3.038 -0.60081
3.0423 -0.67256
3.0466 -0.745073
3.0509 -0.818347
3.0552 -0.892381
3.0595 -0.967174
3.0638 -1.04272
3.0681 -1.11903
3.0724 -1.19609
3.0767 -1.27391
3.081 -1.35247
3.0853 -1.43179
3.0896 -1.51185
3.0939 -1.59266
3.0982 -1.67421
3.1025 -1.75651
3.1068 -1.83954
3.1111 -1.92331
3.1154 -2.00782
3.1197 -2.09305
3.124 -2.17902
3.1283 -2.26572
3.1326 -2.35313
3.1369 -2.44127
3.1412 -2.53013
3.1455 -2.6197
3.1498 -2.70999
3.1541 -2.80098
3.1584 -2.89268
3.1627 -2.98508
3.167 -3.07818
3.1713 -3.17197
3.1756 -3.26646
3.1799 -3.36163
3.1842 -3.45748
3.1885 -3.55402
3.1928 -3.65122
3.1971 -3.7491
3.2014 -3.84765
3.2057 -3.94685
3.21 -4.04671
3.2143 -4.14723
3.2186 -4.24839
3.2229 -4.35019
3.2272 -4.45264
3.2315 -4.55571
3.2358 -4.65941
3.2401 -4.76373
3.2444 -4.86867
3.2487 -4.97422
3.253 -5.08038
3.2573 -5.18713
3.2616 -5.29448
3.2659 -5.40241
3.2702 -5.51093
3.2745 -5.62002
3.2788 -5.72968
3.2831 -5.8399
3.2874 -5.95068
3.2917 -6.06201
3.296 -6.17388
3.3003 -6.28628
3.3046 -6.39921
3.3089 -6.51267
3.3132 -6.62663
3.3175 -6.74111
3.3218 -6.85608
3.3261 -6.97155
3.3304 -7.08749
3.3347 -7.20392
3.339 -7.32081
3.3433 -7.43816
3.3476 -7.55597
3.3519 -7.67421
3.3562 -7.79289
3.3605 -7.912
3.3648 -8.03153
3.3691 -8.15146
3.3734 -8.27179
3.3777 -8.39252
3.382 -8.51362
3.3863 -8.6351
3.3906 -8.75694
3.3949 -8.87914
3.3992 -9.00168
3.4035 -9.12455
3.4078 -9.24775
3.4121 -9.37126
3.4164 -9.49507
3.4207 -9.61918
3.425 -9.74356
3.4293 -9.86823
3.4336 -9.99315
3.4379 -10.1183
3.4422 -10.2437
3.4465 -10.3694
3.4508 -10.4952
3.4551 -10.6213
3.4594 -10.7476
3.4637 -10.874
3.468 -11.0006
3.4723 -11.1274
3.4766 -11.2543
3.4809 -11.3814
3.4852 -11.5086
3.4895 -11.6358
3.4938 -11.7632
3.4981 -11.8907
3.5024 -12.0182
3.5067 -12.1458
3.511 -12.2735
3.5153 -12.4012
3.5196 -12.5289
3.5239 -12.6566
3.5282 -12.7843
3.5325 -12.912
3.5368 -13.0396
3.5411 -13.1672
3.5454 -13.2947
3.5497 -13.4222
3.554 -13.5495
3.5583 -13.6768
3.5626 -13.8039
3.5669 -13.9309
3.5712 -14.0577
3.5755 -14.1844
3.5798 -14.3109
3.5841 -14.4371
3.5884 -14.5632
3.5927 -14.689
3.597 -14.8146
3.6013 -14.94
3.6056 -15.065
3.6099 -15.1898
3.6142 -15.3142
3.6185 -15.4383
3.6228 -15.5621
3.6271 -15.6855
3.6314 -15.8085
3.6357 -15.9311
3.64 -16.0533
3.6443 -16.1751
3.6486 -16.2965
3.6529 -16.4173
3.6572 -16.5377
3.6615 -16.6575
3.6658 -16.7769
3.6701 -16.8957
3.6744 -17.0139
3.6787 -17.1316
3.683 -17.2487
3.6873 -17.3651
3.6916 -17.4809
3.6959 -17.596
3.7002 -17.7105
3.7045 -17.8243
3.7088 -17.9374
3.7131 -18.0497
3.7174 -18.1612
3.7217 -18.272
3.726 -18.382
3.7303 -18.4912
3.7346 -18.5995
3.7389 -18.707
3.7432 -18.8135
3.7475 -18.9192
3.7518 -19.024
3.7561 -19.1278
3.7604 -19.2306
3.7647 -19.3324
3.769 -19.4333
3.7733 -19.5331
3.7776 -19.6318
3.7819 -19.7294
3.7862 -19.826
3.7905 -19.9214
3.7948 -20.0156
3.7991 -20.1087
3.8034 -20.2006
3.8077 -20.2912
3.812 -20.3806
3.8163 -20.4688
3.8206 -20.5556
3.8249 -20.6411
3.8292 -20.7253
3.8335 -20.8081
3.8378 -20.8895
3.8421 -20.9695
3.8464 -21.048
3.8507 -21.1251
3.855 -21.2007
3.8593 -21.2747
3.8636 -21.3472
3.8679 -21.4181
3.8722 -21.4874
3.8765 -21.5551
3.8808 -21.6211
3.8851 -21.6855
3.8894 -21.7481
3.8937 -21.809
3.898 -21.8681
3.9023 -21.9254
3.9066 -21.9809
3.9109 -22.0346
3.9152 -22.0864
3.9195 -22.1362
3.9238 -22.1842
3.9281 -22.2301
3.9324 -22.2741
3.9367 -22.3161
3.941 -22.356
3.9453 -22.3938
3.9496 -22.4295
3.9539 -22.463
3.9582 -22.4944
3.9625 -22.5236
3.9668 -22.5505
3.9711 -22.5752
3.9754 -22.5976
3.9797 -22.6177
3.984 -22.6354
3.9883 -22.6507
3.9926 -22.6636
3.9969 -22.674
4.0012 -22.6819
4.0055 -22.6874
4.0098 -22.6902
4.0141 -22.6905
4.0184 -22.6882
4.0227 -22.6832
4.027 -22.6756
4.0313 -22.6652
4.0356 -22.6521
4.0399 -22.6362
4.0442 -22.6174
4.0485 -22.5959
4.0528 -22.5714
4.0571 -22.544
4.0614 -22.5136
4.0657 -22.4803
4.07 -22.4439
4.0743 -22.4045
4.0786 -22.362
4.0829 -22.3163
4.0872 -22.2674
4.0915 -22.2154
4.0958 -22.1601
4.1001 -22.1015
4.1044 -22.0396
4.1087 -21.9744
4.113 -21.9057
4.1173 -21.8337
4.1216 -21.7581
4.1259 -21.6791
4.1302 -21.5965
4.1345 -21.5103
4.1388 -21.4205
4.1431 -21.327
4.1474 -21.2299
4.1517 -21.129
4.156 -21.0243
4.1603 -20.9158
4.1646 -20.8034
4.1689 -20.6872
4.1732 -20.567
4.1775 -20.4428
4.1818 -20.3146
4.1861 -20.1824
4.1904 -20.046
4.1947 -19.9055
4.199 -19.7608
4.2033 -19.6119
4.2076 -19.4587
4.2119 -19.3012
4.2162 -19.1393
4.2205 -18.9731
4.2248 -18.8024
4.2291 -18.6272
4.2334 -18.4475
4.2377 -18.2632
4.242 -18.0744
4.2463 -17.8808
4.2506 -17.6826
4.2549 -17.4796
4.2592 -17.2718
4.2635 -17.0591
4.2678 -16.8416
4.2721 -16.6192
4.2764 -16.3918
4.2807 -16.1593
4.285 -15.9218
4.2893 -15.6792
4.2936 -15.4314
4.2979 -15.1785
4.3022 -14.9202
4.3065 -14.6567
4.3108 -14.3878
4.3151 -14.1136
4.3194 -13.8338
4.3237 -13.5486
4.328 -13.2579
4.3323 -12.9615
4.3366 -12.6596
4.3409 -12.3519
4.3452 -12.0385
4.3495 -11.7193
4.3538 -11.3943
4.3581 -11.0634
4.3624 -10.7266
4.3667 -10.3837
4.371 -10.0349
4.3753 -9.67993
4.3796 -9.31883
4.3839 -8.95155
4.3882 -8.57803
4.3925 -8.19821
4.3968 -7.81204
4.4011 -7.41948
4.4054 -7.02046
4.4097 -6.61494
4.414 -6.20286
4.4183 -5.78417
4.4226 -5.35881
4.4269 -4.92674
4.4312 -4.48789
4.4355 -4.04221
4.4398 -3.58965
4.4441 -3.13016
4.4484 -2.66367
4.4527 -2.19013
4.457 -1.70949
4.4613 -1.22169
4.4656 -0.726679
4.4699 -0.224393
4.4742 0.28522
4.4785 0.802219
4.4828 1.32666
4.4871 1.8586
4.4914 2.3981
4.4957 2.94521
